001: 0, 12

002: 3, 12, 49, 20, 51, 50, 65, 60

003: 1, 12, 0, 30

004: 3, 12, 0, 50, 98, 99, 99, 1

005: 4, 12, 1, 40, 139, 30, 149, 20, 150, 10

006: 3, 12, 1, 2, 5, 61, 18, 57

007: 3, 12, 1, 2, 5, 59, 18, 58

008: 3, 12, 1, 2, 5, 57, 18, 59

009: 2, 12, 1, 40, 18, 5

010: 0, 12

011: 3, 12, 65, 40, 66, 20, 67, 70

012: 4, 12, 1, 10, 8, 50, 19, 20, 20, 40

013: 4, 12, 0, 10, 1, 20, 7, 20, 19, 10

014: 4, 12, 0, 20, 1, 15, 5, 39, 18, 20

015: 4, 12, 0, 20, 1, 15, 5, 38, 18, 21

016: 4, 12, 0, 20, 1, 15, 5, 37, 18, 22

017: 3, 12, 1, 50, 98, 99, 99, 40

018: 2, 12, 1, 10, 18, 25

019: 3, 12, 1, 20, 9, 15, 19, 10

020: 3, 12, 1, 20, 10, 20, 19, 10

021: 3, 12, 1, 20, 11, 15, 19, 10

022: 3, 12, 1, 20, 12, 15, 19, 10

023: 2, 12, 134, 10, 136, 20

024: 1, 12, 8, 80

025: 1, 12, 137, 50

026: 6, 12, 1, 5, 48, 40, 50, 40, 51, 80, 65, 30, 66, 20

027: 4, 12, 1, 5, 51, 80, 65, 50, 66, 20

028: 2, 12, 139, 20, 149, 40

029: 1, 12, 0, 60

030: 2, 12, 134, 60, 136, 2

031: 4, 12, 1, 5, 51, 80, 65, 35, 66, 20

032: 4, 12, 1, 10, 8, 80, 19, 20, 21, 40

033: 1, 12, 8, 60

034: 4, 12, 0, 40, 1, 5, 5, 19, 18, 7

035: 4, 12, 0, 41, 1, 5, 5, 17, 18, 7

036: 4, 12, 0, 42, 1, 7, 5, 15, 18, 5

037: 3, 12, 0, 30, 81, 15, 18, 15

038: 1, 12, 18, 59

039: 3, 12, 0, 45, 98, 99, 99, 6

040: 5, 12, 1, 40, 139, 30, 149, 20, 150, 10, 151, 60

041: 3, 12, 139, 20, 149, 40, 151, 70

042: 4, 12, 49, 20, 51, 50, 65, 60, 67, 70

043: 7, 12, 1, 5, 48, 40, 50, 40, 51, 80, 65, 30, 66, 20, 67, 70

044: 5, 12, 1, 5, 51, 80, 65, 50, 66, 20, 67, 70

045: 5, 12, 1, 5, 51, 80, 65, 35, 66, 20, 67, 70

046: 6, 12, 1, 25, 19, 20, 25, 25, 26, 25, 27, 25, 28, 25

047: 4, 12, 1, 20, 3, 40, 19, 5, 23, 20

048: 4, 12, 1, 10, 8, 60, 19, 5, 21, 15

049: 3, 12, 8, 80, 18, 20, 22, 15

050: 3, 12, 8, 60, 18, 15, 23, 10

051: 3, 12, 1, 10, 7, 19, 21, 30

052: 2, 12, 48, 80, 49, 80

053: 4, 12, 1, 5, 48, 40, 50, 40, 51, 40

054: 4, 12, 1, 2, 5, 61, 18, 47, 19, 57

055: 4, 12, 1, 2, 5, 59, 18, 48, 19, 58

056: 4, 12, 1, 2, 5, 57, 18, 49, 19, 59

057: 1, 12, 1, 99

058: 3, 12, 0, 18, 73, 20, 18, 20

059: 1, 12, 1, 40

060: 3, 12, 1, 2, 5, 48, 18, 41

061: 3, 12, 1, 2, 5, 45, 18, 43

062: 3, 12, 1, 2, 5, 42, 18, 45

063: 3, 12, 1, 2, 5, 39, 18, 47

064: 4, 12, 1, 2, 5, 48, 18, 32, 19, 40

065: 4, 12, 1, 2, 5, 45, 18, 34, 19, 42

066: 4, 12, 1, 2, 5, 42, 18, 36, 19, 44

067: 4, 12, 1, 2, 5, 39, 18, 38, 19, 46

068: 4, 12, 1, 2, 5, 48, 18, 40, 19, 32

069: 4, 12, 1, 2, 5, 45, 18, 42, 19, 34

070: 4, 12, 1, 2, 5, 42, 18, 44, 19, 36

071: 4, 12, 1, 2, 5, 39, 18, 46, 19, 38

072: 3, 12, 1, 2, 5, 28, 18, 40

073: 3, 12, 1, 2, 5, 25, 18, 42

074: 3, 12, 1, 2, 5, 22, 18, 44

075: 3, 12, 1, 2, 5, 19, 18, 46

076: 3, 12, 1, 2, 5, 28, 19, 40

077: 3, 12, 1, 2, 5, 25, 19, 42

078: 3, 12, 1, 2, 5, 22, 19, 44

079: 3, 12, 1, 2, 5, 19, 19, 46

080: 0, 12

081: 1, 12, 1, 99

082: 1, 12, 0, 99

083: 0, 12

084: 7, 12, 0, 50, 98, 40, 118, 30, 119, 30, 120, 30, 122, 30, 123, 30

085: 7, 12, 0, 30, 98, 40, 118, 30, 119, 30, 120, 30, 122, 30, 123, 30

086: 3, 12, 0, 50, 98, 40, 134, 30

087: 3, 12, 0, 30, 98, 40, 134, 30

088: 12, 12, 0, 50, 98, 40, 102, 30, 103, 30, 104, 30, 105, 30, 106, 30, 107, 30, 108, 30, 109, 30, 110, 30, 111, 30

089: 12, 12, 0, 30, 98, 40, 102, 30, 103, 30, 104, 30, 105, 30, 106, 30, 107, 30, 108, 30, 109, 30, 110, 30, 111, 30

090: 3, 12, 0, 50, 98, 40, 102, 30

091: 3, 12, 0, 30, 98, 40, 102, 30

092: 3, 12, 0, 50, 98, 40, 103, 30

093: 3, 12, 0, 30, 98, 40, 103, 30

094: 3, 12, 0, 50, 98, 40, 104, 30

095: 3, 12, 0, 30, 98, 40, 104, 30

096: 3, 12, 0, 50, 98, 40, 105, 30

097: 3, 12, 0, 30, 98, 40, 105, 30

098: 3, 12, 0, 50, 98, 40, 106, 30

099: 3, 12, 0, 30, 98, 40, 106, 30

100: 3, 12, 0, 50, 98, 40, 107, 30

101: 3, 12, 0, 30, 98, 40, 107, 30

102: 6, 12, 0, 50, 98, 40, 108, 20, 109, 30, 110, 30, 111, 25

103: 6, 12, 0, 30, 98, 40, 108, 20, 109, 30, 110, 30, 111, 25

104: 3, 12, 0, 50, 98, 40, 109, 30

105: 3, 12, 0, 30, 98, 40, 109, 30

106: 3, 12, 0, 50, 98, 40, 110, 30

107: 3, 12, 0, 30, 98, 40, 110, 30

108: 3, 12, 0, 50, 98, 40, 111, 30

109: 3, 12, 0, 30, 98, 40, 111, 30

110: 9, 12, 0, 50, 98, 40, 112, 30, 113, 30, 114, 30, 115, 30, 116, 30, 117, 30, 124, 30

111: 9, 12, 0, 30, 98, 40, 112, 30, 113, 30, 114, 30, 115, 30, 116, 30, 117, 30, 124, 30

112: 3, 12, 0, 50, 98, 40, 112, 30

113: 3, 12, 0, 30, 98, 40, 112, 30

114: 3, 12, 0, 50, 98, 40, 113, 30

115: 3, 12, 0, 30, 98, 40, 113, 30

116: 3, 12, 0, 50, 98, 40, 114, 30

117: 3, 12, 0, 30, 98, 40, 114, 30

118: 3, 12, 0, 50, 98, 40, 115, 30

119: 3, 12, 0, 30, 98, 40, 115, 30

120: 3, 12, 0, 50, 98, 40, 116, 30

121: 3, 12, 0, 30, 98, 40, 116, 30

122: 3, 12, 0, 50, 98, 40, 117, 30

123: 3, 12, 0, 30, 98, 40, 117, 30

124: 3, 12, 0, 50, 98, 40, 124, 30

125: 3, 12, 0, 30, 98, 40, 124, 30

126: 3, 12, 0, 50, 98, 40, 125, 30

127: 3, 12, 0, 30, 98, 40, 125, 30

128: 8, 12, 0, 50, 98, 40, 126, 30, 127, 30, 128, 30, 129, 30, 130, 30, 131, 30

129: 8, 12, 0, 30, 98, 40, 126, 30, 127, 30, 128, 30, 129, 30, 130, 30, 131, 30

130: 3, 12, 0, 50, 98, 40, 126, 30

131: 3, 12, 0, 30, 98, 40, 126, 30

132: 3, 12, 0, 50, 98, 40, 127, 30

133: 3, 12, 0, 30, 98, 40, 127, 30

134: 3, 12, 0, 50, 98, 40, 128, 30

135: 3, 12, 0, 30, 98, 40, 128, 30

136: 3, 12, 0, 50, 98, 40, 129, 30

137: 3, 12, 0, 30, 98, 40, 129, 30

138: 3, 12, 0, 50, 98, 40, 130, 30

139: 3, 12, 0, 30, 98, 40, 130, 30

140: 3, 12, 0, 50, 98, 40, 131, 30

141: 3, 12, 0, 30, 98, 40, 131, 30

142: 8, 12, 0, 50, 98, 40, 102, 30, 103, 30, 104, 30, 105, 30, 106, 30, 107, 30

143: 8, 12, 0, 30, 98, 40, 102, 30, 103, 30, 104, 30, 105, 30, 106, 30, 107, 30

144: 6, 12, 0, 50, 98, 40, 108, 30, 109, 30, 110, 30, 111, 30

145: 6, 12, 0, 30, 98, 40, 108, 30, 109, 30, 110, 30, 111, 30

146: 3, 12, 0, 30, 98, 40, 132, 50

147: 3, 12, 0, 30, 98, 40, 132, 50

148: 3, 12, 0, 30, 98, 40, 133, 50

149: 3, 12, 0, 30, 98, 40, 133, 50

150: 1, 12, 1, 99

151: 0, 12

152: 1, 12, 0, 99

153: 4, 12, 48, 60, 51, 40, 68, 80, 69, 20

154: 4, 12, 50, 60, 51, 40, 68, 80, 69, 20

155: 3, 12, 51, 80, 52, 80, 54, 80

156: 1, 12, 51, 80

157: 1, 12, 52, 80

158: 1, 12, 54, 80

159: 2, 12, 51, 40, 67, 80

160: 6, 12, 1, 10, 51, 40, 65, 50, 66, 5, 68, 80, 69, 20

161: 6, 12, 1, 5, 51, 40, 65, 35, 66, 5, 68, 80, 69, 20

162: 8, 12, 1, 10, 48, 60, 49, 20, 51, 40, 65, 55, 66, 5, 68, 80, 69, 20

163: 8, 12, 1, 5, 48, 60, 49, 20, 51, 40, 65, 35, 66, 5, 68, 80, 69, 20

164: 8, 12, 1, 10, 49, 20, 50, 60, 51, 40, 65, 50, 66, 5, 68, 80, 69, 20

165: 8, 12, 1, 10, 49, 20, 50, 60, 51, 40, 65, 35, 66, 5, 68, 80, 69, 20

166: 1, 12, 1, 99

167: 5, 12, 139, 5, 140, 2, 141, 2, 149, 20, 150, 10

168: 7, 12, 139, 20, 140, 7, 141, 7, 142, 5, 143, 5, 149, 7, 150, 7

169: 7, 12, 139, 7, 140, 7, 141, 7, 142, 7, 143, 7, 149, 7, 150, 3

170: 2, 12, 0, 30, 1, 99

171: 1, 12, 0, 30

172: 3, 12, 0, 30, 81, 15, 18, 5

173: 3, 12, 0, 30, 70, 15, 18, 5

174: 3, 12, 0, 30, 71, 15, 18, 5

175: 3, 12, 0, 30, 72, 15, 18, 5

176: 3, 12, 0, 30, 73, 15, 18, 5

177: 3, 12, 0, 30, 74, 15, 18, 5

178: 3, 12, 0, 30, 75, 15, 18, 5

179: 3, 12, 0, 30, 76, 15, 18, 5

180: 3, 12, 0, 30, 77, 15, 18, 5

181: 3, 12, 0, 30, 78, 15, 18, 5

182: 3, 12, 0, 30, 79, 15, 18, 5

183: 3, 12, 0, 30, 80, 15, 18, 5

184: 3, 12, 0, 30, 82, 15, 18, 5

185: 3, 12, 0, 30, 83, 15, 18, 5

186: 3, 12, 0, 30, 84, 15, 18, 5

187: 3, 12, 0, 30, 86, 15, 18, 5

188: 3, 12, 0, 30, 93, 15, 18, 15

189: 3, 12, 0, 30, 85, 15, 18, 15

190: 3, 12, 1, 20, 9, 15, 18, 10

191: 3, 12, 1, 10, 10, 25, 19, 25

192: 3, 12, 1, 20, 11, 15, 19, 10

193: 3, 12, 1, 20, 12, 15, 19, 10

194: 1, 12, 8, 80

195: 1, 12, 8, 60

196: 3, 12, 1, 10, 19, 20, 20, 40

197: 3, 12, 1, 10, 19, 20, 21, 40

198: 4, 12, 1, 10, 8, 80, 19, 20, 20, 40

199: 4, 12, 1, 10, 8, 60, 19, 20, 21, 40

200: 3, 12, 1, 10, 8, 80, 22, 10

201: 3, 12, 1, 10, 8, 60, 22, 10

202: 3, 12, 1, 10, 18, 40, 22, 40

203: 3, 12, 8, 80, 19, 5, 20, 15

204: 3, 12, 8, 60, 19, 5, 20, 15

205: 4, 12, 1, 10, 3, 20, 19, 5, 23, 15

206: 3, 12, 1, 10, 7, 19, 21, 30

207: 3, 12, 1, 5, 8, 30, 18, 10

208: 6, 12, 1, 10, 19, 15, 25, 25, 26, 25, 27, 25, 28, 25

209: 8, 12, 139, 7, 140, 7, 141, 7, 142, 7, 143, 7, 149, 7, 150, 3, 151, 50

210: 3, 12, 1, 2, 5, 36, 18, 55

211: 4, 12, 1, 2, 5, 36, 18, 40, 19, 55

212: 4, 12, 1, 2, 5, 36, 18, 55, 19, 40

213: 3, 12, 1, 2, 5, 16, 18, 55

214: 3, 12, 1, 2, 5, 16, 19, 55

215: 3, 12, 1, 10, 10, 30, 19, 25

216: 3, 12, 1, 20, 11, 20, 19, 10

217: 3, 12, 1, 20, 12, 20, 19, 10

218: 3, 12, 1, 10, 11, 25, 19, 25

219: 3, 12, 1, 10, 12, 25, 19, 25

220: 3, 12, 1, 10, 11, 35, 19, 25

221: 3, 12, 1, 10, 12, 35, 19, 25

222: 1, 12, 19, 75

223: 4, 12, 1, 2, 5, 48, 18, 43, 19, 42

224: 4, 12, 1, 2, 5, 45, 18, 45, 19, 44

225: 4, 12, 1, 2, 5, 42, 18, 47, 19, 46

226: 4, 12, 1, 2, 5, 39, 18, 49, 19, 48

227: 4, 12, 1, 2, 5, 36, 18, 56, 19, 55

228: 3, 12, 1, 2, 5, 36, 18, 31

229: 3, 12, 1, 2, 5, 35, 18, 32

230: 3, 12, 1, 2, 5, 34, 18, 33

231: 3, 12, 1, 2, 5, 33, 18, 34

232: 3, 12, 1, 2, 5, 32, 18, 35

233: 2, 12, 1, 2, 5, 50

234: 2, 12, 1, 2, 5, 48

235: 2, 12, 1, 2, 5, 46

236: 2, 12, 1, 2, 5, 44

237: 2, 12, 1, 2, 5, 42

238: 5, 12, 0, 30, 87, 30, 88, 30, 91, 30, 92, 30

239: 10, 12, 1, 10, 51, 60, 55, 60, 56, 60, 57, 60, 58, 60, 65, 35, 66, 20, 68, 80, 69, 20

240: 3, 12, 0, 35, 18, 2, 33, 20

241: 3, 12, 0, 35, 18, 2, 37, 20

242: 3, 12, 0, 35, 18, 2, 34, 20

243: 3, 12, 0, 35, 18, 2, 38, 20

244: 3, 12, 0, 35, 18, 2, 35, 20

245: 3, 12, 0, 35, 18, 2, 36, 20

246: 3, 12, 0, 30, 18, 2, 39, 17

247: 3, 12, 0, 30, 18, 2, 43, 17

248: 3, 12, 0, 30, 18, 2, 40, 17

249: 3, 12, 0, 30, 18, 2, 44, 17

250: 3, 12, 0, 30, 18, 2, 41, 17

251: 3, 12, 0, 30, 18, 2, 42, 17

252: 4, 12, 0, 30, 81, 7, 18, 5, 97, 8

253: 2, 12, 2, 17, 18, 32

254: 1, 12, 33, 50

255: 1, 12, 37, 50

256: 1, 12, 34, 50

257: 1, 12, 38, 50

258: 1, 12, 35, 50

259: 1, 12, 36, 50

260: 1, 12, 39, 49

261: 1, 12, 43, 49

262: 1, 12, 40, 49

263: 1, 12, 44, 49

264: 1, 12, 41, 49

265: 1, 12, 42, 49

266: 1, 12, 2, 49

267: 6, 12, 33, 32, 37, 32, 34, 32, 38, 32, 35, 32, 36, 32

268: 2, 12, 17, 25, 35, 25

269: 2, 12, 18, 5, 45, 80

270: 2, 12, 18, 5, 97, 80

271: 1, 12, 47, 50

272: 4, 12, 134, 5, 135, 50, 136, 10, 137, 5

273: 1, 12, 137, 30

274: 4, 12, 134, 5, 135, 50, 136, 10, 138, 50

